24722
24688
24655
24584
24587
24541
24448
24380
24451
24461
24325
24326
24269
24073
24163
23821
23651
23537
23561
23529
23520
23473
23381
23353
23323
23286
23330
23237
23306
23266
23228
23120
22872
22873
17688
17689
22880
3170
17674
3118
3172
3179
3150
3040
3068
3051
2948
3020
2906
2848
2807
2765
2782
2701
2675
2686
2626
2585
2545
2534
2555
2464
2420
2377
2328
2364
2295
2278
2282
2209
2480
2208
2178
2148
2071
1957
1919
23095
1863
1861
1842
1840
3087
1815
1539
1780
1701
1694
1661
1576
1534
1528
1509
1494
1481
1692
1464
1387
1451
1465
1426
1394
1427
1401
1407
1415
1381
1403
1399
1402
1453
1433
1391
1384
1367
1406
1369
2155
1417
1390
1405
1380
1541
1368
1421
1383
1411
1395
1379
1378
1429
1398
1410
1404
1428
1853
1419
2214
1416
1377
1376
1392
1393
1372
1397
1455
1375
24493
1374
1444
1389
648
1434
1396
1440
1441
1373
605
630
1418
635
604
1663
1938
2175
2289
2332
2374
1400
1408
1538
1386
1424
1409
1412
1385
1370
1382
1413
1525
1728
1729
1522
1533
1536
1796
1532
2409
2594
2054
2069
2867
2931
2685
3064
2754
2781
24382
1540
1430
1422
1447
1442
1452
1439
1432
1414
1450
1446
1543
1542
1423
2205
2776
